00000000
01000513
00306593
03004613
010000EF
00062403
00000033
00000033
000502B3
0005E333
000073B3
0002AE03
01C383B3
00428293
FFF30313
00030463
FEDFF06F
00762023
00008067
00000010
00000010
00000010
00000010
00000010
00000010
00000010
00000010
00000010
00000010
00000010
00000010
00000010
00000010
00000010
00000010
00000010
00000010
00000010
00000010
00000010
00000010
00000010
00000010
00000010
00000010
00000010
00000010
00000010
00000010
00000010
00000010
00000010
00000010
00000010
00000010
00000010
00000010
00000010
00000010
00000010
00000010
00000010
00000010
00000010;
